82.800000
58.720000
44.640000
44.200000
30.800000
33.920000
31.520000
26.560000
26.920000
14.280000
15.560000
9.920000
15.600000
15.000000
7.400000
7.680000
6.080000
6.440000
6.000000
6.360000
8.520000
4.880000
3.160000
6.240000
4.000000
4.280000
4.280000
3.720000
6.040000
6.600000
4.600000
5.560000
4.360000
4.960000
3.520000
4.160000
3.840000
3.040000
4.400000
4.040000
3.000000
4.320000
4.680000
5.200000
3.840000
3.640000
6.240000
4.720000
3.400000
3.120000
2.640000
4.400000
2.920000
4.680000
4.400000
3.200000
3.800000
4.160000
4.320000
4.880000
2.760000
4.120000
5.120000
3.360000
4.440000
8.680000
3.280000
3.840000
3.800000
3.920000
6.120000
3.280000
3.960000
3.160000
3.040000
3.520000
2.960000
3.320000
2.560000
6.240000
3.880000
4.840000
3.360000
3.160000
3.480000
3.480000
5.760000
4.640000
2.520000
3.520000
3.400000
3.960000
3.000000
3.800000
3.320000
6.840000
2.440000
3.080000
6.080000
4.800000
2.720000
3.680000
2.600000
4.080000
3.160000
5.440000
2.800000
3.240000
2.760000
5.040000
3.640000
4.760000
2.880000
3.960000
4.400000
4.040000
3.360000
4.080000
4.920000
3.400000
3.800000
2.840000
3.560000
2.600000
3.720000
2.520000
4.280000
4.080000
3.400000
4.520000
3.640000
4.360000
5.120000
2.400000
3.240000
3.920000
5.120000
3.600000
3.320000
2.760000
3.400000
3.360000
4.920000
5.040000
3.080000
4.440000
2.800000
4.360000
3.600000
3.440000
2.640000
2.800000
3.200000
3.280000
3.440000
3.920000
5.000000
4.280000
3.880000
3.320000
2.760000
4.600000
2.560000
4.520000
3.760000
2.920000
5.160000
2.720000
4.360000
3.680000
4.520000
4.480000
2.920000
4.520000
3.320000
3.720000
3.240000
4.280000
3.000000
3.680000
3.360000
4.120000
5.040000
3.640000
4.200000
3.640000
3.280000
4.320000
3.040000
4.640000
3.560000
3.720000
4.600000
2.080000
4.280000
4.600000
3.880000
4.880000
2.800000
3.960000
3.160000
4.400000
4.640000
4.640000
2.480000
3.040000
3.600000
2.960000
3.520000
3.960000
4.560000
3.880000
3.000000
4.760000
2.680000
2.720000
3.600000
3.720000
4.320000
3.520000
2.520000
3.120000
3.960000
3.360000
3.040000
5.040000
4.000000
4.440000
3.720000
3.600000
4.800000
2.080000
3.280000
6.040000
3.840000
3.880000
4.080000
3.160000
3.560000
3.360000
5.560000
3.320000
4.200000
2.360000
3.240000
4.520000
4.280000
3.560000
3.600000
2.920000
3.800000
3.880000
3.560000
3.360000
3.800000
3.840000
3.600000
5.520000
4.000000
3.720000
6.680000
4.240000
3.520000
5.720000
4.000000
3.360000
5.680000
3.680000
2.960000
2.040000
2.080000
4.080000
3.520000
1.600000
4.640000
4.440000
2.880000
5.000000
4.320000
4.320000
3.440000
3.280000
3.240000
3.720000
4.280000
4.920000
4.920000
4.600000
5.000000
3.040000
4.280000
2.680000
2.320000
3.160000
4.000000
4.840000
3.520000
4.520000
2.560000
5.280000
3.600000
4.680000
3.840000
3.920000
2.400000
2.640000
4.400000
3.360000
5.320000
3.720000
4.000000
5.800000
3.720000
4.160000
2.800000
3.240000
4.080000
3.840000
3.160000
3.320000
3.320000
3.400000
3.960000
3.560000
3.440000
3.440000
3.920000
4.120000
4.880000
3.640000
4.720000
3.760000
4.520000
3.840000
4.560000
2.920000
4.080000
7.080000
4.200000
3.880000
2.800000
4.920000
2.560000
4.920000
3.000000
4.400000
5.120000
3.200000
3.840000
4.280000
4.480000
2.920000
2.440000
3.160000
4.480000
4.080000
3.920000
3.400000
4.120000
4.240000
3.000000
3.080000
3.400000
3.680000
3.880000
3.520000
3.600000
3.640000
2.920000
2.480000
3.320000
3.120000
3.080000
3.200000
3.160000
4.120000
5.120000
4.640000
4.000000
4.520000
3.200000
2.880000
4.320000
2.400000
4.920000
2.440000
4.360000
3.880000
3.000000
3.400000
3.320000
3.600000
6.760000
4.440000
3.320000
3.120000
3.320000
3.320000
3.400000
4.280000
5.120000
3.360000
5.600000
5.480000
3.280000
4.600000
3.560000
2.280000
3.880000
3.000000
4.240000
3.920000
3.880000
3.840000
4.400000
3.560000
2.760000
4.520000
4.560000
3.920000
3.560000
2.880000
3.880000
4.720000
4.520000
3.560000
3.360000
3.000000
3.120000
3.680000
4.120000
2.040000
3.400000
4.560000
3.160000
4.840000
3.640000
5.600000
3.200000
3.760000
5.160000
3.960000
4.240000
3.080000
3.600000
2.840000
3.120000
5.480000
3.360000
3.440000
4.720000
3.520000
4.560000
3.200000
4.560000
3.200000
3.000000
3.680000
4.520000
5.840000
2.920000
3.440000
3.800000
3.000000
3.000000
4.520000
3.800000
3.640000
4.040000
5.040000
3.360000
3.360000
2.840000
3.040000
3.040000
2.360000
3.760000
4.040000
4.560000
4.200000
3.080000
5.000000
4.360000
3.480000
3.080000
4.000000
3.840000
3.960000
5.720000
4.240000
4.320000
4.440000
3.640000
3.880000
4.120000
3.520000
2.960000
4.200000
3.840000
4.800000
3.000000
4.320000
3.520000
2.800000
5.960000
4.000000
3.800000
3.760000
4.600000
3.520000
4.040000
4.000000
3.960000
2.880000
3.440000
2.320000
2.640000
4.120000
3.840000
2.400000
3.720000
3.160000
5.040000
5.480000
5.240000
3.240000
3.920000
2.640000
2.720000
2.680000
3.840000
4.120000
3.480000
3.840000
3.720000
3.240000
2.280000
4.120000
3.200000
3.280000
3.240000
3.800000
3.920000
3.880000
4.760000
4.920000
4.640000
2.680000
3.480000
2.920000
2.960000
3.680000
2.800000
3.720000
3.800000
3.720000
3.360000
3.560000
2.800000
3.080000
4.600000
2.760000
2.600000
3.040000
3.040000
4.520000
3.480000
5.880000
5.720000
3.640000
4.680000
5.200000
4.680000
5.720000
4.160000
4.800000
3.160000
3.600000
3.320000
4.360000
3.880000
3.720000
4.280000
4.400000
3.560000
4.320000
3.840000
3.640000
3.320000
3.720000
3.800000
4.880000
2.680000
4.520000
3.400000
4.240000
5.400000
3.440000
3.040000
4.640000
4.400000
3.960000
4.200000
3.160000
4.520000
3.240000
3.040000
2.600000
2.800000
3.960000
3.600000
2.800000
3.320000
3.760000
4.880000
4.840000
3.120000
3.680000
3.800000
3.640000
4.240000
2.600000
3.400000
4.640000
3.720000
3.000000
3.400000
3.840000
4.560000
3.440000
3.560000
4.160000
3.560000
3.720000
3.680000
5.120000
4.600000
3.640000
4.120000
2.600000
3.560000
5.640000
4.840000
6.200000
3.560000
4.520000
4.920000
4.480000
3.440000
2.760000
5.720000
4.880000
3.520000
2.480000
5.040000
2.040000
3.360000
3.000000
4.920000
4.560000
2.720000
3.480000
3.480000
3.360000
2.880000
4.240000
3.160000
5.520000
3.120000
3.160000
3.400000
4.680000
3.040000
4.360000
3.880000
3.680000
3.880000
3.440000
3.400000
3.000000
4.680000
3.080000
3.360000
3.520000
5.160000
3.880000
3.120000
3.360000
3.280000
3.000000
2.520000
2.400000
2.800000
3.320000
2.480000
2.360000
3.800000
2.680000
3.360000
3.400000
4.800000
2.640000
3.760000
4.200000
4.240000
2.800000
3.160000
2.440000
3.400000
4.600000
2.840000
3.600000
5.280000
4.120000
4.400000
3.680000
2.960000
4.720000
6.040000
4.440000
2.640000
2.800000
4.440000
2.840000
1.880000
3.880000
4.600000
3.400000
4.200000
3.160000
4.320000
5.480000
2.960000
3.640000
3.360000
4.680000
5.040000
3.760000
3.600000
3.440000
3.200000
4.640000
4.160000
3.920000
4.160000
2.720000
3.480000
3.520000
3.160000
3.120000
3.520000
4.760000
3.480000
2.680000
3.480000
3.800000
3.800000
2.880000
3.880000
4.400000
3.200000
4.600000
3.880000
4.160000
5.520000
3.560000
5.640000
3.080000
4.680000
3.760000
3.760000
4.520000
4.440000
3.640000
6.000000
3.400000
3.120000
4.920000
3.600000
3.720000
4.240000
4.520000
3.240000
5.320000
3.520000
3.200000
4.560000
3.240000
4.240000
4.040000
4.160000
4.160000
4.600000
3.560000
3.520000
5.280000
3.000000
5.680000
3.000000
4.600000
3.400000
3.440000
3.360000
3.560000
5.680000
2.960000
4.160000
4.800000
3.440000
3.320000
2.840000
5.200000
3.880000
4.360000
4.080000
2.440000
2.560000
2.640000
3.840000
2.560000
4.240000
3.280000
2.720000
2.600000
3.440000
4.280000
3.200000
3.320000
3.360000
3.280000
2.760000
4.440000
2.760000
4.240000
3.200000
4.000000
3.400000
3.760000
4.240000
3.640000
3.640000
3.640000
4.800000
4.320000
2.520000
5.240000
3.800000
3.800000
3.800000
4.600000
6.400000
4.360000
2.640000
3.480000
3.400000
4.120000
5.280000
3.120000
3.600000
3.040000
3.680000
4.000000
4.280000
5.120000
3.160000
4.080000
3.480000
4.280000
3.920000
4.920000
4.960000
3.240000
3.320000
4.840000
4.240000
3.240000
3.080000
4.960000
3.640000
4.240000
3.600000
3.520000
3.360000
4.800000
3.200000
3.000000
3.600000
3.560000
6.160000
3.560000
4.600000
3.440000
5.800000
3.240000
3.600000
3.600000
3.600000
3.560000
3.560000
4.040000
3.920000
3.880000
4.720000
3.080000
4.440000
5.080000
4.280000
3.760000
2.800000
3.000000
3.760000
3.240000
3.920000
3.400000
3.320000
3.960000
3.840000
3.800000
4.520000
2.720000
2.960000
4.880000
2.480000
4.120000
2.400000
3.800000
3.720000
4.400000
3.600000
5.000000
4.000000
3.560000
3.760000
4.880000
5.040000
4.880000
4.120000
3.440000
3.120000
4.520000
4.400000
3.280000
3.480000
4.880000
3.240000
4.440000
3.720000
3.200000
4.680000
3.440000
4.600000
4.560000
3.680000
4.240000
4.520000
2.080000
3.120000
4.200000
4.640000
5.040000
3.360000
2.800000
2.600000
3.960000
3.840000
4.880000
3.120000
2.840000
7.040000
2.920000
2.880000
3.720000
5.920000
5.280000
4.600000
4.680000
4.440000
3.200000
3.720000
2.360000
3.560000
4.360000
3.720000
3.360000
4.000000
4.240000
3.200000
2.720000
5.880000
4.960000
4.680000
3.360000
4.200000
2.560000
3.400000
3.640000
3.880000
4.640000
3.400000
2.800000
